 n_orbital:          36
 n_alpha:          15
 n_int:           2
 n_det:      346104
00001001001000010001000111111111
00000000000000000000000000000001
11111111111011111011011000001100
00000000000000000000000000001011
00001001001000010001001011111111
00000000000000000000000000000001
11111111111011111011010100001100
00000000000000000000000000001011
00001001001000010001001101111111
00000000000000000000000000000001
11111111111011111011010010001100
00000000000000000000000000001011
00001001001000010001001110111111
00000000000000000000000000000001
11111111111011111011010001001100
00000000000000000000000000001011
00001001001000010001001111011111
00000000000000000000000000000001
11111111111011111011010000101100
00000000000000000000000000001011
00001001001000010001001111101111
00000000000000000000000000000001
11111111111011111011010000011100
00000000000000000000000000001011
00001001001000010001001111111101
00000000000000000000000000000001
11111111111011111011010000001110
00000000000000000000000000001011
00001001001000010001001111111110
00000000000000000000000000000001
11111111111011111011010000001101
00000000000000000000000000001011
00001001001000010001010011111111
00000000000000000000000000000001
11111111111011111011001100001100
00000000000000000000000000001011
00001001001000010001010101111111
00000000000000000000000000000001
11111111111011111011001010001100
00000000000000000000000000001011
00001001001000010001010110111111
00000000000000000000000000000001
11111111111011111011001001001100
00000000000000000000000000001011
00001001001000010001010111011111
00000000000000000000000000000001
11111111111011111011001000101100
00000000000000000000000000001011
00001001001000010001010111101111
00000000000000000000000000000001
11111111111011111011001000011100
00000000000000000000000000001011
00001001001000010001010111111101
00000000000000000000000000000001
11111111111011111011001000001110
00000000000000000000000000001011
00001001001000010001010111111110
00000000000000000000000000000001
11111111111011111011001000001101
00000000000000000000000000001011
00001001001000010001011001111111
00000000000000000000000000000001
11111111111011111011000110001100
00000000000000000000000000001011
00001001001000010001011010111111
00000000000000000000000000000001
11111111111011111011000101001100
00000000000000000000000000001011
00001001001000010001011011011111
00000000000000000000000000000001
11111111111011111011000100101100
00000000000000000000000000001011
00001001001000010001011011101111
00000000000000000000000000000001
11111111111011111011000100011100
00000000000000000000000000001011
00001001001000010001011011111101
00000000000000000000000000000001
11111111111011111011000100001110
00000000000000000000000000001011
00001001001000010001011011111110
00000000000000000000000000000001
11111111111011111011000100001101
00000000000000000000000000001011
00001001001000010001011100111111
00000000000000000000000000000001
11111111111011111011000011001100
00000000000000000000000000001011
00001001001000010001011101011111
00000000000000000000000000000001
11111111111011111011000010101100
00000000000000000000000000001011
00001001001000010001011101101111
00000000000000000000000000000001
11111111111011111011000010011100
00000000000000000000000000001011
